4294967279,440
4294967279,410
4294967278,375
4294967278,346
4294967279,309
4294967279,157
4294967294,5
66,4
62,4
61,4
4294967294,6
4294967294,1163
4294967294,99
4294967294,1424
4294967294,470
4294967278,132
4294967278,131
4294967278,130
4294967278,129
4294967278,128
4294967278,127
4294967278,126
4294967278,125
4294967278,124
4294967278,123
4294967278,122
4294967278,121
4294967278,120
4294967278,119
4294967278,118
4294967278,117
4294967278,116
4294967278,115
4294967278,114
4294967278,113
4294967278,112
4294967278,111
4294967278,110
4294967278,109
4294967278,108
4294967278,107
4294967278,106
4294967278,105
4294967278,104
4294967278,103
4294967278,102
4294967278,101
4294967278,100
4294967278,99
4294967278,98
4294967278,97
4294967278,96
4294967278,95
4294967278,94
4294967278,93
4294967278,92
4294967278,91
4294967278,90
4294967278,89
4294967278,87
4294967278,86
4294967278,85
4294967278,84
4294967278,83
4294967278,82
4294967278,81
4294967278,80
4294967278,79
4294967278,78
4294967278,77
4294967278,76
4294967278,75
4294967278,74
4294967278,73
4294967278,72
4294967278,71
4294967278,70
4294967278,69
4294967278,68
4294967278,67
4294967278,66
4294967278,65
4294967278,64
4294967278,63
4294967278,62
4294967278,61
4294967278,60
4294967279,81
4294967279,80
4294967279,79
4294967279,78
4294967279,76
4294967279,74
4294967279,71
4294967279,68
4294967279,62
4294967279,61
4294967279,60
4294967279,54
4294967279,53
4294967279,47
4294967279,43
4294967279,42
4294967279,40
4294967279,30
4294967279,0
4294967279,27
4294967279,408
4294967279,25
4294967279,290
4294967279,275
4294967279,23
4294967279,20
4294967279,18
4294967279,269
4294967279,16
4294967279,15
4294967279,13
4294967279,12
4294967279,8
4294967279,7
4294967279,6
4294967279,5
4294967279,4
4294967294,1077
4294967294,1073
4294967294,1070
4294967294,1067
4294967294,11
4294967278,374
4294967294,0
4294967278,373
4294967279,439
4294967279,38
4294967294,22
4294967294,46
4294967294,1
4294967294,120
4294967294,2
4294967279,438
4294967294,38
4294967294,1428
4294967294,1242
4294967294,1080
4294967294,413
4294967294,28
4294967294,90
4294967294,86
4294967294,84
4294967278,0
4294967279,35
4294967279,147
4294967279,146
4294967294,94
4294967294,96
68,7
68,6
4294967279,143
68,5
68,4
4294967279,142
68,3
68,2
68,1
0,7
4294967294,1081
4294967294,1079
4294967294,1152
4294967294,1085
59,4
4294967294,76
4294967294,1423
4294967294,26
4294967294,1154
4294967294,97
4294967294,36
4294967294,17
4294967294,41
4294967294,438
4294967294,417
4294967294,51
4294967294,52
4294967294,12
4294967294,25
4294967294,1086
4294967294,27
4294967294,1158
4294967294,1157
4294967294,1156
4294967294,1155
4294967294,1153
4294967294,1083
4294967294,1078
4294967294,1075
4294967294,1074
4294967294,1069
4294967294,1066
4294967294,422
4294967294,18
4294967294,67
4294967294,185
4294967294,81
4294967294,173
4294967294,1159
4294967294,1160
4294967294,1247
4294967294,68
4294967294,9
4294967294,93
4294967294,95
0,5
4294967294,7
67,5
67,4
67,3
67,2
67,1
4294967294,473
4294967294,471
4294967293,131
4294967293,130
4294967293,129
4294967293,128
4294967293,127
4294967293,126
4294967293,125
4294967293,124
4294967293,123
4294967293,122
4294967293,121
4294967293,120
4294967293,119
4294967293,118
4294967293,117
4294967293,116
4294967293,115
4294967293,114
4294967293,113
4294967293,112
4294967293,111
4294967293,110
4294967293,109
4294967293,108
4294967293,107
4294967293,106
4294967293,105
4294967293,104
4294967293,103
4294967293,102
4294967293,101
4294967293,100
4294967293,99
4294967293,98
4294967293,97
4294967293,96
4294967293,95
4294967293,94
4294967293,93
4294967293,92
4294967293,91
4294967293,90
4294967293,89
4294967293,88
4294967293,87
4294967293,86
4294967293,85
4294967293,84
4294967293,83
4294967293,82
4294967293,81
4294967293,80
4294967293,79
4294967293,78
4294967293,77
4294967293,76
4294967293,75
4294967293,74
4294967293,73
4294967293,72
4294967293,71
4294967293,70
4294967293,69
4294967293,68
4294967293,67
4294967293,66
4294967293,65
4294967293,64
4294967293,63
4294967293,62
4294967293,61
4294967293,60
4294967293,59
4294967293,58
4294967293,57
4294967293,56
4294967293,55
4294967293,54
4294967293,53
4294967293,52
4294967293,51
4294967293,50
4294967293,49
4294967293,48
4294967293,47
4294967293,46
4294967293,45
4294967293,44
4294967293,43
4294967293,42
4294967293,41
4294967293,40
4294967293,39
4294967293,38
4294967293,37
